Run:  10 {'loss': 0.6004746407270432, 'accuracy': 0.0, 'f1': 0.6132780313491821, 'Hammingloss': 0.2931547619047619, 'prec_rec_fmeas_support': (0.6106870229007634, 0.6670942912123156, 0.6376456161863887, None), 'confmatrix': array([[[200,   0],
        [ 52,   0]],

       [[146,   9],
        [ 90,   7]],

       [[162,   0],
        [ 90,   0]],

       [[231,   2],
        [ 19,   0]],

       [[131,   0],
        [121,   0]],

       [[ 20,  89],
        [ 26, 117]],

       [[ 17,  83],
        [ 16, 136]],

       [[  0, 141],
        [  0, 111]],

       [[225,   0],
        [ 27,   0]],

       [[  0, 129],
        [  0, 123]],

       [[  0,  27],
        [  0, 225]],

       [[  0,  29],
        [  0, 223]],

       [[  0, 154],
        [  0,  98]],

       [[224,   0],
        [ 28,   0]],

       [[231,   0],
        [ 21,   0]],

       [[223,   0],
        [ 29,   0]]]), 'f1bylabel': array([0.        , 0.12389381, 0.        , 0.        , 0.        ,
       0.67048711, 0.73315364, 0.61157025, 0.        , 0.656     ,
       0.94339623, 0.93894737, 0.56      , 0.        , 0.        ,
       0.        ]), 'accuracybylabel': {'APM': 0.7936507936507936, 'Network': 0.6071428571428571, 'DB': 0.6428571428571429, 'Error.Handling': 0.9166666666666666, 'Logging': 0.5198412698412699, 'Lang': 0.5436507936507936, 'Data.Structure': 0.6071428571428571, 'DevOps': 0.44047619047619047, 'i18n': 0.8928571428571429, 'Setup': 0.4880952380952381, 'Microservices': 0.8928571428571429, 'UI': 0.8849206349206349, 'Parser': 0.3888888888888889, 'Security': 0.8888888888888888, 'Big.Data': 0.9166666666666666, 'Event.Handling': 0.8849206349206349}}
  Hypothesis  Precision    Recall  Fmeasure_score  hamming_loss  Accuracy_Score  Train/Test_Size Project
0         H3   0.658228  0.500321        0.568513      0.293651        0.706349              0.6    rmca
1         H3   0.670433  0.456703        0.543304      0.296875        0.703125              0.6    rmca
2         H3   0.646048  0.602951        0.623756      0.281250        0.718750              0.6    rmca
3         H3   0.620968  0.642078        0.631347      0.289931        0.710069              0.6    rmca
4         H3   0.644358  0.531110        0.582278      0.294643        0.705357              0.6    rmca
Mean vals:  Precision          0.638088
Recall             0.554843
Fmeasure_score     0.589986
hamming_loss       0.295064
Accuracy_Score     0.704936
Train/Test_Size    0.600000
dtype: float64
Model saved
