Run:  10 {'loss': 0.5435511423991277, 'accuracy': 0.0, 'f1': 0.5555105209350586, 'Hammingloss': 0.2116708229426434, 'prec_rec_fmeas_support': (0.6638018200202225, 0.4740072202166065, 0.5530749789385004, None), 'confmatrix': array([[[  0,  51],
        [  0, 350]],

       [[381,   1],
        [ 19,   0]],

       [[310,   0],
        [ 91,   0]],

       [[314,   1],
        [ 86,   0]],

       [[324,  22],
        [ 46,   9]],

       [[341,   1],
        [ 59,   0]],

       [[373,   1],
        [ 27,   0]],

       [[264,  14],
        [110,  13]],

       [[324,   0],
        [ 75,   2]],

       [[293,   0],
        [108,   0]],

       [[303,   0],
        [ 97,   1]],

       [[365,   0],
        [ 36,   0]],

       [[244,   3],
        [153,   1]],

       [[  0, 181],
        [  0, 220]],

       [[109, 117],
        [ 48, 127]],

       [[271,   0],
        [130,   0]],

       [[314,   1],
        [ 86,   0]],

       [[229,  12],
        [127,  33]],

       [[  0,  74],
        [  1, 326]],

       [[312,  15],
        [ 73,   1]],

       [[370,   0],
        [ 31,   0]],

       [[374,   0],
        [ 26,   1]],

       [[383,   0],
        [ 18,   0]],

       [[  2, 170],
        [  0, 229]],

       [[390,   1],
        [ 10,   0]]]), 'f1bylabel': array([0.93209055, 0.        , 0.        , 0.        , 0.20930233,
       0.        , 0.        , 0.17333333, 0.05063291, 0.        ,
       0.02020202, 0.        , 0.01265823, 0.70853462, 0.60620525,
       0.        , 0.        , 0.32195122, 0.89683631, 0.02222222,
       0.        , 0.07142857, 0.        , 0.72929936, 0.        ]), 'accuracybylabel': {'Util': 0.8728179551122195, 'NLP': 0.9501246882793017, 'APM': 0.773067331670823, 'Network': 0.7830423940149626, 'DB': 0.830423940149626, 'Interpreter': 0.8503740648379052, 'Error.Handling': 0.9301745635910225, 'Logging': 0.6907730673316709, 'Lang': 0.8129675810473815, 'Data.Structure': 0.7306733167082294, 'DevOps': 0.7581047381546134, 'i18n': 0.9102244389027432, 'Setup': 0.6109725685785536, 'Logic': 0.5486284289276808, 'Microservices': 0.5885286783042394, 'Test': 0.6758104738154613, 'Search': 0.7830423940149626, 'IO': 0.6533665835411472, 'UI': 0.8129675810473815, 'Parser': 0.7805486284289277, 'Security': 0.9226932668329177, 'Big.Data': 0.9351620947630923, 'Event.Handling': 0.9551122194513716, 'App': 0.5760598503740648, 'Multimedia': 0.972568578553616}}
  Hypothesis  Precision    Recall  Fmeasure_score  hamming_loss  Accuracy_Score  Train/Test_Size Project
0         H3   0.734112  0.408664        0.525046      0.204289        0.795711              0.8   all_2
1         H3   0.661871  0.498195        0.568486      0.208978        0.791022              0.8   all_2
2         H3   0.678700  0.407220        0.509025      0.217057        0.782943              0.8   all_2
3         H3   0.703008  0.405054        0.513972      0.211671        0.788329              0.8   all_2
4         H3   0.697159  0.363177        0.477569      0.219551        0.780449              0.8   all_2
Mean vals:  Precision          0.687849
Recall             0.425560
Fmeasure_score     0.524268
hamming_loss       0.212608
Accuracy_Score     0.787392
Train/Test_Size    0.800000
dtype: float64
Model saved
