Run:  10 {'loss': 0.5945862929026285, 'accuracy': 0.0, 'f1': 0.60401451587677, 'Hammingloss': 0.2996031746031746, 'prec_rec_fmeas_support': (0.6064814814814815, 0.6649746192893401, 0.6343825665859564, None), 'confmatrix': array([[[148,   0],
        [ 41,   0]],

       [[106,  10],
        [ 66,   7]],

       [[ 13, 106],
        [  5,  65]],

       [[176,   0],
        [ 13,   0]],

       [[ 20,  73],
        [ 30,  66]],

       [[  0,  86],
        [  0, 103]],

       [[  0,  75],
        [  0, 114]],

       [[ 13,  92],
        [ 14,  70]],

       [[166,   0],
        [ 23,   0]],

       [[ 97,   0],
        [ 92,   0]],

       [[  0,  20],
        [  0, 169]],

       [[  0,  20],
        [  0, 169]],

       [[ 86,  28],
        [ 52,  23]],

       [[168,   0],
        [ 21,   0]],

       [[171,   0],
        [ 18,   0]],

       [[168,   0],
        [ 21,   0]]]), 'f1bylabel': array([0.        , 0.15555556, 0.53941909, 0.        , 0.56170213,
       0.70547945, 0.75247525, 0.56910569, 0.        , 0.        ,
       0.94413408, 0.94413408, 0.36507937, 0.        , 0.        ,
       0.        ]), 'accuracybylabel': {'APM': 0.783068783068783, 'Network': 0.5978835978835979, 'DB': 0.4126984126984127, 'Error.Handling': 0.9312169312169312, 'Logging': 0.455026455026455, 'Lang': 0.544973544973545, 'Data.Structure': 0.6031746031746031, 'DevOps': 0.43915343915343913, 'i18n': 0.8783068783068783, 'Setup': 0.5132275132275133, 'Microservices': 0.8941798941798942, 'UI': 0.8941798941798942, 'Parser': 0.5767195767195767, 'Security': 0.8888888888888888, 'Big.Data': 0.9047619047619048, 'Event.Handling': 0.8888888888888888}}
  Hypothesis  Precision    Recall  Fmeasure_score  hamming_loss  Accuracy_Score  Train/Test_Size Project
0         H3   0.639655  0.627750        0.633646      0.283730        0.716270              0.7    rmca
1         H3   0.693487  0.459391        0.552672      0.290675        0.709325              0.7    rmca
2         H3   0.608547  0.602369        0.605442      0.306878        0.693122              0.7    rmca
3         H3   0.640333  0.521151        0.574627      0.301587        0.698413              0.7    rmca
4         H3   0.694618  0.469543        0.560323      0.288029        0.711971              0.7    rmca
Mean vals:  Precision          0.645938
Recall             0.559052
Fmeasure_score     0.593625
hamming_loss       0.295536
Accuracy_Score     0.704464
Train/Test_Size    0.700000
dtype: float64
Model saved
