Run:  10 {'loss': 0.5434134694246145, 'accuracy': 0.0, 'f1': 0.5499659776687622, 'Hammingloss': 0.2091770573566085, 'prec_rec_fmeas_support': (0.7038158691701999, 0.41949458483754515, 0.5256729246776748, None), 'confmatrix': array([[[  0,  51],
        [  0, 350]],

       [[381,   1],
        [ 19,   0]],

       [[310,   0],
        [ 91,   0]],

       [[315,   0],
        [ 86,   0]],

       [[346,   0],
        [ 55,   0]],

       [[341,   1],
        [ 59,   0]],

       [[374,   0],
        [ 27,   0]],

       [[276,   2],
        [121,   2]],

       [[298,  26],
        [ 66,  11]],

       [[293,   0],
        [107,   1]],

       [[299,   4],
        [ 96,   2]],

       [[365,   0],
        [ 36,   0]],

       [[246,   1],
        [147,   7]],

       [[ 49, 132],
        [  6, 214]],

       [[201,  25],
        [156,  19]],

       [[271,   0],
        [130,   0]],

       [[315,   0],
        [ 86,   0]],

       [[241,   0],
        [160,   0]],

       [[  0,  74],
        [  0, 327]],

       [[327,   0],
        [ 74,   0]],

       [[370,   0],
        [ 31,   0]],

       [[374,   0],
        [ 27,   0]],

       [[383,   0],
        [ 18,   0]],

       [[  0, 172],
        [  0, 229]],

       [[391,   0],
        [ 10,   0]]]), 'f1bylabel': array([0.93209055, 0.        , 0.        , 0.        , 0.        ,
       0.        , 0.        , 0.03149606, 0.19298246, 0.01834862,
       0.03846154, 0.        , 0.08641975, 0.75618375, 0.17351598,
       0.        , 0.        , 0.        , 0.89835165, 0.        ,
       0.        , 0.        , 0.        , 0.72698413, 0.        ]), 'accuracybylabel': {'Util': 0.8728179551122195, 'NLP': 0.9501246882793017, 'APM': 0.773067331670823, 'Network': 0.7855361596009975, 'DB': 0.8628428927680798, 'Interpreter': 0.8503740648379052, 'Error.Handling': 0.9326683291770573, 'Logging': 0.6932668329177057, 'Lang': 0.770573566084788, 'Data.Structure': 0.7331670822942643, 'DevOps': 0.7506234413965087, 'i18n': 0.9102244389027432, 'Setup': 0.6309226932668329, 'Logic': 0.655860349127182, 'Microservices': 0.5486284289276808, 'Test': 0.6758104738154613, 'Search': 0.7855361596009975, 'IO': 0.600997506234414, 'UI': 0.8154613466334164, 'Parser': 0.8154613466334164, 'Security': 0.9226932668329177, 'Big.Data': 0.9326683291770573, 'Event.Handling': 0.9551122194513716, 'App': 0.571072319201995, 'Multimedia': 0.9750623441396509}}
  Hypothesis  Precision    Recall  Fmeasure_score  hamming_loss  Accuracy_Score  Train/Test_Size Project
0         H3   0.693607  0.415162        0.519422      0.212269        0.787731              0.6   all_2
1         H3   0.697064  0.402888        0.510638      0.213367        0.786633              0.6   all_2
2         H3   0.664068  0.338267        0.448218      0.230125        0.769875              0.6   all_2
3         H3   0.741736  0.388809        0.510185      0.206284        0.793716              0.6   all_2
4         H3   0.682396  0.407220        0.510061      0.216160        0.783840              0.6   all_2
Mean vals:  Precision          0.700035
Recall             0.399892
Fmeasure_score     0.507457
hamming_loss       0.213825
Accuracy_Score     0.786175
Train/Test_Size    0.600000
dtype: float64
Model saved
