Run:  1 {'loss': 0.45459993183612823, 'accuracy': 0.0, 'f1': 0.6888564229011536, 'Hammingloss': 0.18169336384439358, 'f1macro': 0.2280706576282264, 'confmatrix': array([[[  0,  11],
        [  0, 219]],

       [[230,   0],
        [  0,   0]],

       [[217,   0],
        [ 13,   0]],

       [[123,   3],
        [102,   2]],

       [[207,   0],
        [ 23,   0]],

       [[146,   0],
        [ 84,   0]],

       [[  0, 100],
        [  0, 130]],

       [[212,   0],
        [ 18,   0]],

       [[208,   0],
        [ 22,   0]],

       [[214,   0],
        [ 16,   0]],

       [[  0,  12],
        [  0, 218]],

       [[174,   0],
        [ 56,   0]],

       [[140,   0],
        [ 90,   0]],

       [[212,   0],
        [ 18,   0]],

       [[  0,  75],
        [  0, 155]],

       [[  0,  70],
        [  0, 160]],

       [[213,   0],
        [ 17,   0]],

       [[216,   0],
        [ 14,   0]],

       [[180,   0],
        [ 50,   0]]]), 'f1bylabel': array([0.97550111, 0.        , 0.        , 0.03669725, 0.        ,
       0.        , 0.72222222, 0.        , 0.        , 0.        ,
       0.97321429, 0.        , 0.        , 0.        , 0.80519481,
       0.82051282, 0.        , 0.        , 0.        ]), 'accuracybylabel': {'Util': 0.9521739130434783, 'NLP': 1.0, 'APM': 0.9434782608695652, 'Network': 0.5434782608695652, 'DB': 0.9, 'Interpreter': 0.6347826086956522, 'Logging': 0.5652173913043478, 'DataStructure': 0.9217391304347826, 'i18n': 0.9043478260869565, 'DevOps': 0.9304347826086956, 'Logic': 0.9478260869565217, 'Microservices': 0.7565217391304347, 'Test': 0.6086956521739131, 'Search': 0.9217391304347826, 'IO': 0.6739130434782609, 'UI': 0.6956521739130435, 'Parser': 0.9260869565217391, 'Security': 0.9391304347826087, 'App': 0.782608695652174}}
  Hypothesis  Precision    Recall  Fmeasure_score  hamming_loss  Accuracy_Score  Train/Test_Size   Project
0         H3   0.705797  0.836538        0.765626      0.181693        0.818307              0.8  jabRef_2
Fmeasuremean:  Precision          0.705797
Recall             0.836538
Fmeasure_score     0.765626
hamming_loss       0.181693
Accuracy_Score     0.818307
Train/Test_Size    0.800000
dtype: float64
Model saved
Run:  2 {'loss': 0.41726288571953773, 'accuracy': 0.0, 'f1': 0.6993279457092285, 'Hammingloss': 0.17734553775743708, 'f1macro': 0.2544357713595805, 'confmatrix': array([[[  0,  11],
        [  0, 219]],

       [[230,   0],
        [  0,   0]],

       [[217,   0],
        [ 13,   0]],

       [[ 94,  32],
        [ 54,  50]],

       [[207,   0],
        [ 23,   0]],

       [[146,   0],
        [ 84,   0]],

       [[  0, 100],
        [  0, 130]],

       [[212,   0],
        [ 18,   0]],

       [[208,   0],
        [ 22,   0]],

       [[214,   0],
        [ 16,   0]],

       [[  0,  12],
        [  0, 218]],

       [[174,   0],
        [ 56,   0]],

       [[140,   0],
        [ 90,   0]],

       [[212,   0],
        [ 18,   0]],

       [[  0,  75],
        [  0, 155]],

       [[  0,  70],
        [  0, 160]],

       [[213,   0],
        [ 17,   0]],

       [[216,   0],
        [ 14,   0]],

       [[180,   0],
        [ 50,   0]]]), 'f1bylabel': array([0.97550111, 0.        , 0.        , 0.53763441, 0.        ,
       0.        , 0.72222222, 0.        , 0.        , 0.        ,
       0.97321429, 0.        , 0.        , 0.        , 0.80519481,
       0.82051282, 0.        , 0.        , 0.        ]), 'accuracybylabel': {'Util': 0.9521739130434783, 'NLP': 1.0, 'APM': 0.9434782608695652, 'Network': 0.6260869565217392, 'DB': 0.9, 'Interpreter': 0.6347826086956522, 'Logging': 0.5652173913043478, 'DataStructure': 0.9217391304347826, 'i18n': 0.9043478260869565, 'DevOps': 0.9304347826086956, 'Logic': 0.9478260869565217, 'Microservices': 0.7565217391304347, 'Test': 0.6086956521739131, 'Search': 0.9217391304347826, 'IO': 0.6739130434782609, 'UI': 0.6956521739130435, 'Parser': 0.9260869565217391, 'Security': 0.9391304347826087, 'App': 0.782608695652174}}
  Hypothesis  Precision    Recall  Fmeasure_score  hamming_loss  Accuracy_Score  Train/Test_Size   Project
0         H3   0.705797  0.836538        0.765626      0.181693        0.818307              0.8  jabRef_2
1         H3   0.717362  0.980769        0.828636      0.184211        0.815789              0.8  jabRef_2
2         H3   0.740756  0.913462        0.818094      0.177346        0.822654              0.8  jabRef_2
Fmeasuremean:  Precision          0.721305
Recall             0.910256
Fmeasure_score     0.804119
hamming_loss       0.181083
Accuracy_Score     0.818917
Train/Test_Size    0.800000
dtype: float64
Model saved
