Run:  3 {'loss': 0.47379783789316815, 'accuracy': 0.0, 'f1': 0.7143651247024536, 'Hammingloss': 0.18624600174469322, 'prec_rec_fmeas_support': (0.8033707865168539, 0.6371000405022276, 0.7106392590919357, None), 'confmatrix': array([[[  0,  12],
        [  0, 350]],

       [[356,   0],
        [  6,   0]],

       [[351,   0],
        [ 11,   0]],

       [[122,  60],
        [ 92,  88]],

       [[313,   0],
        [ 49,   0]],

       [[209,   0],
        [153,   0]],

       [[  0, 114],
        [  0, 248]],

       [[320,   0],
        [ 42,   0]],

       [[313,   0],
        [ 49,   0]],

       [[316,   0],
        [ 46,   0]],

       [[  0,  15],
        [  0, 347]],

       [[264,   0],
        [ 98,   0]],

       [[231,   0],
        [131,   0]],

       [[313,   0],
        [ 49,   0]],

       [[  0,  96],
        [  0, 266]],

       [[  0,  88],
        [  0, 274]],

       [[321,   0],
        [ 41,   0]],

       [[327,   0],
        [ 35,   0]],

       [[268,   0],
        [ 94,   0]]]), 'f1bylabel': array([0.98314607, 0.        , 0.        , 0.53658537, 0.        ,
       0.        , 0.81311475, 0.        , 0.        , 0.        ,
       0.97884344, 0.        , 0.        , 0.        , 0.84713376,
       0.86163522, 0.        , 0.        , 0.        ]), 'accuracybylabel': {'Util': 0.9668508287292817, 'NLP': 0.9834254143646409, 'APM': 0.9696132596685083, 'Network': 0.580110497237569, 'DB': 0.8646408839779005, 'Interpreter': 0.5773480662983426, 'Logging': 0.6850828729281768, 'DataStructure': 0.8839779005524862, 'i18n': 0.8646408839779005, 'DevOps': 0.8729281767955801, 'Logic': 0.9585635359116023, 'Microservices': 0.7292817679558011, 'Test': 0.638121546961326, 'Search': 0.8646408839779005, 'IO': 0.7348066298342542, 'UI': 0.7569060773480663, 'Parser': 0.8867403314917127, 'Security': 0.9033149171270718, 'App': 0.7403314917127072}}
  Hypothesis  Precision    Recall  Fmeasure_score  hamming_loss  Accuracy_Score  Train/Test_Size   Project
0         H3   0.823167  0.595788        0.691259      0.191044        0.808956              0.7  jabRef_2
1         H3   0.819989  0.601458        0.693925      0.190462        0.809538              0.7  jabRef_2
2         H3   0.803371  0.637100        0.710639      0.186246        0.813754              0.7  jabRef_2
Mean vals:  Precision          0.815509
Recall             0.611449
Fmeasure_score     0.698608
hamming_loss       0.189251
Accuracy_Score     0.810749
Train/Test_Size    0.700000
dtype: float64
Model saved
