Run:  10 {'loss': 0.652120441198349, 'accuracy': 0.0, 'f1': 0.4916726052761078, 'Hammingloss': 0.34481062469257256, 'prec_rec_fmeas_support': (0.4775132275132275, 0.5412293853073463, 0.5073787772312016, None), 'confmatrix': array([[[ 74,   0],
        [ 33,   0]],

       [[ 44,  56],
        [  0,   7]],

       [[ 37,  66],
        [  1,   3]],

       [[ 97,   0],
        [ 10,   0]],

       [[  0,  82],
        [  0,  25]],

       [[100,   0],
        [  7,   0]],

       [[103,   0],
        [  4,   0]],

       [[  0,  47],
        [  0,  60]],

       [[ 90,   0],
        [ 17,   0]],

       [[  0,  41],
        [  0,  66]],

       [[ 12,   0],
        [ 95,   0]],

       [[  0,  21],
        [  0,  86]],

       [[  0,   7],
        [  0, 100]],

       [[ 97,   0],
        [ 10,   0]],

       [[ 76,   0],
        [ 31,   0]],

       [[ 54,  15],
        [ 30,   8]],

       [[ 98,   0],
        [  9,   0]],

       [[ 49,   0],
        [ 58,   0]],

       [[ 40,  60],
        [  1,   6]]]), 'f1bylabel': array([0.        , 0.2       , 0.08219178, 0.        , 0.37878788,
       0.        , 0.        , 0.71856287, 0.        , 0.76300578,
       0.        , 0.89119171, 0.96618357, 0.        , 0.        ,
       0.26229508, 0.        , 0.        , 0.16438356]), 'accuracybylabel': {'Util': 0.6915887850467289, 'APM': 0.4766355140186916, 'Network': 0.37383177570093457, 'DB': 0.9065420560747663, 'Error.Handling': 0.2336448598130841, 'Logging': 0.9345794392523364, 'Lang': 0.9626168224299065, 'Data.Structure': 0.5607476635514018, 'i18n': 0.8411214953271028, 'Setup': 0.616822429906542, 'Logic': 0.11214953271028037, 'IO': 0.8037383177570093, 'UI': 0.9345794392523364, 'Parser': 0.9065420560747663, 'Event.Handling': 0.7102803738317757, 'App': 0.5794392523364486, 'GIS': 0.9158878504672897, 'Multimedia': 0.45794392523364486, 'CG': 0.42990654205607476}}
  Hypothesis  Precision    Recall  Fmeasure_score  hamming_loss  Accuracy_Score  Train/Test_Size   Project
0         H3   0.361151  0.376312        0.368576      0.423020        0.576980              0.6  audacity
1         H3   0.385253  0.697151        0.496265      0.464338        0.535662              0.6  audacity
2         H3   0.429162  0.622189        0.507956      0.395475        0.604525              0.6  audacity
3         H3   0.248705  0.215892        0.231140      0.471225        0.528775              0.6  audacity
4         H3   0.464567  0.619190        0.530848      0.359075        0.640925              0.6  audacity
Mean vals:  Precision          0.397836
Recall             0.515592
Fmeasure_score     0.444276
hamming_loss       0.411854
Accuracy_Score     0.588146
Train/Test_Size    0.600000
dtype: float64
Model saved
