Run:  3 {'loss': 0.35860887765884397, 'accuracy': 0.0, 'f1': {'PrecisionAvg': 0.8533333539962769, 'PrecisionByLabel': tensor([1.0000, 0.6667, 0.6667, 0.6667, 0.6667, 1.0000, 1.0000, 1.0000, 1.0000,
        0.6667, 1.0000, 1.0000, 1.0000, 1.0000, 0.6667, 0.6667, 0.6667, 1.0000,
        0.6667, 0.6667, 0.6667, 0.6667, 0.6667, 0.6667, 0.6667, 0.6667, 0.6667,
        0.6667, 1.0000, 0.6667, 1.0000, 0.6667, 1.0000, 1.0000, 1.0000, 1.0000,
        0.6667, 1.0000, 0.6667, 1.0000, 0.6667, 1.0000, 1.0000, 0.6667, 0.3333,
        0.6667, 0.6667, 1.0000, 1.0000, 1.0000, 1.0000, 1.0000, 0.6667, 0.6667,
        1.0000, 1.0000, 0.6667, 1.0000, 1.0000, 1.0000, 0.6667, 1.0000, 1.0000,
        1.0000, 1.0000, 1.0000, 1.0000, 1.0000, 0.6667, 1.0000, 1.0000, 1.0000,
        0.6667, 1.0000, 0.6667, 0.6667, 0.6667, 1.0000, 1.0000, 1.0000, 1.0000,
        0.6667, 1.0000, 1.0000, 1.0000, 0.6667, 0.6667, 1.0000, 1.0000, 1.0000,
        1.0000, 1.0000, 1.0000, 1.0000, 1.0000, 1.0000, 1.0000, 1.0000, 0.6667,
        1.0000, 0.6667, 0.6667, 0.6667, 0.6667, 0.6667, 0.6667, 0.3333, 1.0000,
        0.6667, 1.0000, 0.6667, 0.6667, 0.6667, 0.6667, 0.6667, 1.0000, 0.6667,
        0.6667, 0.6667, 1.0000, 1.0000, 1.0000, 1.0000, 1.0000, 1.0000, 0.6667,
        1.0000, 1.0000, 0.6667, 0.6667, 1.0000, 0.6667, 0.6667, 1.0000, 1.0000,
        1.0000, 1.0000, 0.6667, 1.0000, 1.0000, 1.0000, 0.6667, 1.0000, 1.0000,
        1.0000, 0.6667, 1.0000, 1.0000, 1.0000, 1.0000], device='cuda:0'), 'RecallAvg': 0.8235079646110535, 'RecallByLabel': tensor([1.0000, 0.6667, 1.0000, 0.6667, 1.0000, 0.6000, 0.5000, 0.5000, 0.4286,
        1.0000, 0.5000, 0.4286, 0.6000, 0.6000, 1.0000, 1.0000, 1.0000, 0.5000,
        1.0000, 1.0000, 1.0000, 1.0000, 0.6667, 1.0000, 1.0000, 1.0000, 1.0000,
        1.0000, 0.6000, 1.0000, 0.6000, 1.0000, 0.6000, 0.5000, 0.5000, 0.4000,
        1.0000, 0.6000, 1.0000, 0.7500, 1.0000, 0.6000, 0.7500, 1.0000, 1.0000,
        1.0000, 0.6667, 0.6000, 0.7500, 0.6000, 1.0000, 0.6000, 1.0000, 1.0000,
        1.0000, 1.0000, 1.0000, 0.7500, 0.7500, 0.7500, 1.0000, 0.7500, 0.6667,
        1.0000, 1.0000, 1.0000, 1.0000, 0.7500, 0.6667, 0.6000, 0.7500, 0.7500,
        1.0000, 0.4286, 1.0000, 1.0000, 1.0000, 0.7500, 0.7500, 0.7500, 1.0000,
        1.0000, 0.7500, 1.0000, 0.7500, 1.0000, 1.0000, 0.6000, 1.0000, 0.7500,
        0.4000, 1.0000, 0.6000, 0.6000, 0.6000, 0.6000, 0.7500, 0.4286, 1.0000,
        0.7500, 1.0000, 1.0000, 0.6667, 1.0000, 1.0000, 1.0000, 1.0000, 0.7500,
        1.0000, 1.0000, 1.0000, 1.0000, 1.0000, 1.0000, 1.0000, 1.0000, 1.0000,
        1.0000, 1.0000, 0.6000, 0.6000, 1.0000, 0.6000, 0.6000, 0.6000, 1.0000,
        1.0000, 1.0000, 1.0000, 1.0000, 1.0000, 0.6667, 1.0000, 0.5000, 0.7500,
        1.0000, 0.7500, 1.0000, 0.7500, 1.0000, 0.4286, 1.0000, 1.0000, 1.0000,
        0.6000, 1.0000, 0.6000, 0.5000, 0.6000, 0.7500], device='cuda:0'), 'FmeasureAvg': 0.8027143478393555, 'FmeasurebyLabel': tensor([1.0000, 0.6667, 0.8000, 0.6667, 0.8000, 0.7500, 0.6667, 0.6667, 0.6000,
        0.8000, 0.6667, 0.6000, 0.7500, 0.7500, 0.8000, 0.8000, 0.8000, 0.6667,
        0.8000, 0.8000, 0.8000, 0.8000, 0.6667, 0.8000, 0.8000, 0.8000, 0.8000,
        0.8000, 0.7500, 0.8000, 0.7500, 0.8000, 0.7500, 0.6667, 0.6667, 0.5714,
        0.8000, 0.7500, 0.8000, 0.8571, 0.8000, 0.7500, 0.8571, 0.8000, 0.5000,
        0.8000, 0.6667, 0.7500, 0.8571, 0.7500, 1.0000, 0.7500, 0.8000, 0.8000,
        1.0000, 1.0000, 0.8000, 0.8571, 0.8571, 0.8571, 0.8000, 0.8571, 0.8000,
        1.0000, 1.0000, 1.0000, 1.0000, 0.8571, 0.6667, 0.7500, 0.8571, 0.8571,
        0.8000, 0.6000, 0.8000, 0.8000, 0.8000, 0.8571, 0.8571, 0.8571, 1.0000,
        0.8000, 0.8571, 1.0000, 0.8571, 0.8000, 0.8000, 0.7500, 1.0000, 0.8571,
        0.5714, 1.0000, 0.7500, 0.7500, 0.7500, 0.7500, 0.8571, 0.6000, 0.8000,
        0.8571, 0.8000, 0.8000, 0.6667, 0.8000, 0.8000, 0.8000, 0.5000, 0.8571,
        0.8000, 1.0000, 0.8000, 0.8000, 0.8000, 0.8000, 0.8000, 1.0000, 0.8000,
        0.8000, 0.8000, 0.7500, 0.7500, 1.0000, 0.7500, 0.7500, 0.7500, 0.8000,
        1.0000, 1.0000, 0.8000, 0.8000, 1.0000, 0.6667, 0.8000, 0.6667, 0.8571,
        1.0000, 0.8571, 0.8000, 0.8571, 1.0000, 0.6000, 0.8000, 1.0000, 1.0000,
        0.7500, 0.8000, 0.7500, 0.6667, 0.7500, 0.8571], device='cuda:0')}, 'Hammingloss': 0.16416666666666666, 'f1macro': 0.3359666293810589, 'confmatrix': array([[[  0,   2],
        [  0, 148]],

       [[147,   0],
        [  3,   0]],

       [[141,   0],
        [  9,   0]],

       [[110,   0],
        [ 40,   0]],

       [[128,   0],
        [ 22,   0]],

       [[  9,  64],
        [  2,  75]],

       [[  0,   0],
        [  0, 150]],

       [[ 95,   0],
        [ 55,   0]]]), 'f1bylabel': array([0.99328859, 0.        , 0.        , 0.        , 0.        ,
       0.69444444, 1.        , 0.        ]), 'accuracybylabel': {'Util': 0.9866666666666667, 'Network': 0.98, 'Interpreter': 0.94, 'i18n': 0.7333333333333333, 'Logic': 0.8533333333333334, 'Test': 0.56, 'IO': 1.0, 'App': 0.6333333333333333}}
  Hypothesis  Precision  Recall                                     Fmeasure_score  hamming_loss  Accuracy_Score  Train/Test_Size   Project
0         H3      -9999   -9999  {'PrecisionAvg': 0.8711111545562744, 'Precisio...      0.171667        0.828333              0.8  rxjava_2
1         H3      -9999   -9999  {'PrecisionAvg': 0.8644444942474365, 'Precisio...      0.165833        0.834167              0.8  rxjava_2
2         H3      -9999   -9999  {'PrecisionAvg': 0.8533333539962769, 'Precisio...      0.164167        0.835833              0.8  rxjava_2
Fmeasuremean:  Precision         -9999.000000
Recall            -9999.000000
hamming_loss          0.167222
Accuracy_Score        0.832778
Train/Test_Size       0.800000
dtype: float64
Model saved
