Run:  10 {'loss': 0.527022534608841, 'accuracy': 0.0, 'f1': 0.5619374513626099, 'Hammingloss': 0.1865771812080537, 'prec_rec_fmeas_support': (0.6965566714490674, 0.5010319917440661, 0.5828331332533013, None), 'confmatrix': array([[[  0,  48],
        [  0, 250]],

       [[289,   0],
        [  9,   0]],

       [[242,   0],
        [ 56,   0]],

       [[239,   0],
        [ 59,   0]],

       [[211,  47],
        [ 13,  27]],

       [[259,   0],
        [ 39,   0]],

       [[284,   0],
        [ 14,   0]],

       [[210,   0],
        [ 88,   0]],

       [[247,   0],
        [ 51,   0]],

       [[210,   0],
        [ 88,   0]],

       [[189,  38],
        [ 35,  36]],

       [[273,   0],
        [ 25,   0]],

       [[ 34, 143],
        [ 27,  94]],

       [[129,  20],
        [ 64,  85]],

       [[175,  10],
        [ 49,  64]],

       [[202,   2],
        [ 22,  72]],

       [[244,   0],
        [ 54,   0]],

       [[176,   6],
        [113,   3]],

       [[  0,  70],
        [  0, 228]],

       [[253,   0],
        [ 45,   0]],

       [[281,   0],
        [ 17,   0]],

       [[281,   0],
        [ 17,   0]],

       [[276,   0],
        [ 22,   0]],

       [[ 98,  39],
        [ 49, 112]],

       [[287,   0],
        [ 11,   0]]]), 'f1bylabel': array([0.91240876, 0.        , 0.        , 0.        , 0.47368421,
       0.        , 0.        , 0.        , 0.        , 0.        ,
       0.49655172, 0.        , 0.52513966, 0.66929134, 0.68449198,
       0.85714286, 0.        , 0.048     , 0.86692015, 0.        ,
       0.        , 0.        , 0.        , 0.71794872, 0.        ]), 'accuracybylabel': {'Util': 0.8389261744966443, 'NLP': 0.9697986577181208, 'APM': 0.8120805369127517, 'Network': 0.802013422818792, 'DB': 0.7986577181208053, 'Interpreter': 0.8691275167785235, 'Error.Handling': 0.9530201342281879, 'Logging': 0.7046979865771812, 'Lang': 0.8288590604026845, 'Data.Structure': 0.7046979865771812, 'DevOps': 0.7550335570469798, 'i18n': 0.9161073825503355, 'Setup': 0.42953020134228187, 'Logic': 0.7181208053691275, 'Microservices': 0.802013422818792, 'Test': 0.9194630872483222, 'Search': 0.8187919463087249, 'IO': 0.6006711409395973, 'UI': 0.7651006711409396, 'Parser': 0.8489932885906041, 'Security': 0.9429530201342282, 'Big.Data': 0.9429530201342282, 'Event.Handling': 0.9261744966442953, 'App': 0.7046979865771812, 'Multimedia': 0.9630872483221476}}
  Hypothesis  Precision    Recall  Fmeasure_score  hamming_loss  Accuracy_Score  Train/Test_Size Project
0         H3   0.773356  0.461300        0.577893      0.175302        0.824698              0.7   all_2
1         H3   0.705882  0.433437        0.537084      0.194362        0.805638              0.7   all_2
2         H3   0.748162  0.420021        0.538004      0.187651        0.812349              0.7   all_2
3         H3   0.750789  0.491228        0.593886      0.174765        0.825235              0.7   all_2
4         H3   0.709268  0.489680        0.579365      0.184966        0.815034              0.7   all_2
Mean vals:  Precision          0.728775
Recall             0.464654
Fmeasure_score     0.566495
hamming_loss       0.184685
Accuracy_Score     0.815315
Train/Test_Size    0.700000
dtype: float64
Model saved