Run:  10 {'loss': 0.5273149967193603, 'accuracy': 0.0, 'f1': 0.5449163913726807, 'Hammingloss': 0.2026578073089701, 'prec_rec_fmeas_support': (0.7732057416267942, 0.38549618320610685, 0.5144858325374084, None), 'confmatrix': array([[[  0,  43],
        [  0, 258]],

       [[285,   0],
        [ 16,   0]],

       [[231,   0],
        [ 70,   0]],

       [[238,   0],
        [ 63,   0]],

       [[257,   0],
        [ 44,   0]],

       [[261,   0],
        [ 40,   0]],

       [[280,   0],
        [ 21,   0]],

       [[210,   0],
        [ 90,   1]],

       [[245,   0],
        [ 56,   0]],

       [[218,   0],
        [ 83,   0]],

       [[224,   0],
        [ 77,   0]],

       [[281,   0],
        [ 20,   0]],

       [[187,   0],
        [114,   0]],

       [[120,  15],
        [ 85,  81]],

       [[165,   2],
        [ 93,  41]],

       [[198,   2],
        [101,   0]],

       [[236,   0],
        [ 65,   0]],

       [[180,   0],
        [121,   0]],

       [[  0,  51],
        [  0, 250]],

       [[243,   0],
        [ 58,   0]],

       [[276,   0],
        [ 25,   0]],

       [[279,   0],
        [ 22,   0]],

       [[284,   0],
        [ 17,   0]],

       [[  0, 124],
        [  0, 177]],

       [[294,   0],
        [  7,   0]]]), 'f1bylabel': array([0.92307692, 0.        , 0.        , 0.        , 0.        ,
       0.        , 0.        , 0.02173913, 0.        , 0.        ,
       0.        , 0.        , 0.        , 0.61832061, 0.46327684,
       0.        , 0.        , 0.        , 0.90744102, 0.        ,
       0.        , 0.        , 0.        , 0.74058577, 0.        ]), 'accuracybylabel': {'Util': 0.8571428571428571, 'NLP': 0.946843853820598, 'APM': 0.7674418604651163, 'Network': 0.7906976744186046, 'DB': 0.8538205980066446, 'Interpreter': 0.867109634551495, 'Error.Handling': 0.9302325581395349, 'Logging': 0.7009966777408638, 'Lang': 0.813953488372093, 'Data.Structure': 0.7242524916943521, 'DevOps': 0.7441860465116279, 'i18n': 0.9335548172757475, 'Setup': 0.6212624584717608, 'Logic': 0.6677740863787376, 'Microservices': 0.6843853820598007, 'Test': 0.6578073089700996, 'Search': 0.7840531561461794, 'IO': 0.5980066445182725, 'UI': 0.8305647840531561, 'Parser': 0.8073089700996677, 'Security': 0.9169435215946844, 'Big.Data': 0.9269102990033222, 'Event.Handling': 0.9435215946843853, 'App': 0.5880398671096345, 'Multimedia': 0.9767441860465116}}
  Hypothesis  Precision    Recall  Fmeasure_score  hamming_loss  Accuracy_Score  Train/Test_Size Project
0         H1   0.763088  0.410305        0.533664      0.199734        0.800266              0.7   all_2
1         H1   0.806706  0.390267        0.526045      0.195880        0.804120              0.7   all_2
2         H1   0.717949  0.467557        0.566310      0.199468        0.800532              0.7   all_2
3         H1   0.736719  0.449905        0.558649      0.198007        0.801993              0.7   all_2
4         H1   0.757116  0.380725        0.506667      0.206512        0.793488              0.7   all_2
Mean vals:  Precision          0.738218
Recall             0.417032
Fmeasure_score     0.530500
hamming_loss       0.204651
Accuracy_Score     0.795349
Train/Test_Size    0.700000
dtype: float64
Model saved
