Run:  10 {'loss': 0.493987637758255, 'accuracy': 0.0, 'f1': 0.6984661221504211, 'Hammingloss': 0.1930949167791273, 'prec_rec_fmeas_support': (0.7655538694992413, 0.6474173885145974, 0.7015470189466365, None), 'confmatrix': array([[[  0,  23],
        [  0, 445]],

       [[461,   0],
        [  7,   0]],

       [[441,   0],
        [ 27,   0]],

       [[103, 129],
        [ 87, 149]],

       [[413,   0],
        [ 55,   0]],

       [[275,  10],
        [175,   8]],

       [[  0, 167],
        [  0, 301]],

       [[416,   0],
        [ 52,   0]],

       [[397,   0],
        [ 71,   0]],

       [[420,   0],
        [ 48,   0]],

       [[  0,  27],
        [  0, 441]],

       [[341,   0],
        [127,   0]],

       [[279,   0],
        [189,   0]],

       [[409,   0],
        [ 59,   0]],

       [[  0, 123],
        [  0, 345]],

       [[  0, 139],
        [  0, 329]],

       [[420,   0],
        [ 48,   0]],

       [[430,   0],
        [ 38,   0]],

       [[352,   0],
        [116,   0]]]), 'f1bylabel': array([0.97480832, 0.        , 0.        , 0.57976654, 0.        ,
       0.07960199, 0.78283485, 0.        , 0.        , 0.        ,
       0.97029703, 0.        , 0.        , 0.        , 0.84870849,
       0.82559598, 0.        , 0.        , 0.        ]), 'accuracybylabel': {'Util': 0.9508547008547008, 'NLP': 0.9850427350427351, 'APM': 0.9423076923076923, 'Network': 0.5384615384615384, 'DB': 0.8824786324786325, 'Interpreter': 0.6047008547008547, 'Logging': 0.6431623931623932, 'DataStructure': 0.8888888888888888, 'i18n': 0.8482905982905983, 'DevOps': 0.8974358974358975, 'Logic': 0.9423076923076923, 'Microservices': 0.7286324786324786, 'Test': 0.5961538461538461, 'Search': 0.8739316239316239, 'IO': 0.7371794871794872, 'UI': 0.7029914529914529, 'Parser': 0.8974358974358975, 'Security': 0.9188034188034188, 'App': 0.7521367521367521}}
  Hypothesis  Precision    Recall  Fmeasure_score  hamming_loss  Accuracy_Score  Train/Test_Size   Project
0         H3   0.795299  0.597048        0.682060      0.195119        0.804881              0.8  jabRef_2
1         H3   0.778179  0.622393        0.691622      0.194557        0.805443              0.8  jabRef_2
2         H3   0.795134  0.597690        0.682418      0.195007        0.804993              0.8  jabRef_2
3         H3   0.803966  0.572345        0.668666      0.198830        0.801170              0.8  jabRef_2
4         H3   0.795299  0.597048        0.682060      0.195119        0.804881              0.8  jabRef_2
Mean vals:  Precision          0.790156
Recall             0.603754
Fmeasure_score     0.684167
hamming_loss       0.195265
Accuracy_Score     0.804735
Train/Test_Size    0.800000
dtype: float64
Model saved
