Run:  10 {'loss': 0.6589606404304504, 'accuracy': 0.0, 'f1': 0.47930827736854553, 'Hammingloss': 0.40531234628627644, 'prec_rec_fmeas_support': (0.4181438998957247, 0.6011994002998501, 0.4932349323493236, None), 'confmatrix': array([[[ 74,   0],
        [ 33,   0]],

       [[100,   0],
        [  7,   0]],

       [[  0, 103],
        [  0,   4]],

       [[ 97,   0],
        [ 10,   0]],

       [[ 82,   0],
        [ 25,   0]],

       [[ 15,  85],
        [  0,   7]],

       [[103,   0],
        [  4,   0]],

       [[  0,  47],
        [  0,  60]],

       [[ 83,   7],
        [ 17,   0]],

       [[  0,  41],
        [  0,  66]],

       [[  6,   6],
        [ 54,  41]],

       [[  2,  19],
        [  4,  82]],

       [[  0,   7],
        [  0, 100]],

       [[  0,  97],
        [  0,  10]],

       [[ 28,  48],
        [  9,  22]],

       [[ 69,   0],
        [ 38,   0]],

       [[  0,  98],
        [  0,   9]],

       [[ 49,   0],
        [ 58,   0]],

       [[100,   0],
        [  7,   0]]]), 'f1bylabel': array([0.        , 0.        , 0.07207207, 0.        , 0.        ,
       0.14141414, 0.        , 0.71856287, 0.        , 0.76300578,
       0.57746479, 0.87700535, 0.96618357, 0.17094017, 0.43564356,
       0.        , 0.15517241, 0.        , 0.        ]), 'accuracybylabel': {'Util': 0.6915887850467289, 'APM': 0.9345794392523364, 'Network': 0.037383177570093455, 'DB': 0.9065420560747663, 'Error.Handling': 0.7663551401869159, 'Logging': 0.205607476635514, 'Lang': 0.9626168224299065, 'Data.Structure': 0.5607476635514018, 'i18n': 0.7757009345794392, 'Setup': 0.616822429906542, 'Logic': 0.4392523364485981, 'IO': 0.7850467289719626, 'UI': 0.9345794392523364, 'Parser': 0.09345794392523364, 'Event.Handling': 0.4672897196261682, 'App': 0.6448598130841121, 'GIS': 0.08411214953271028, 'Multimedia': 0.45794392523364486, 'CG': 0.9345794392523364}}
  Hypothesis  Precision    Recall  Fmeasure_score  hamming_loss  Accuracy_Score  Train/Test_Size   Project
0         H3   0.471778  0.664168        0.551681      0.354156        0.645844              0.8  audacity
1         H3   0.415158  0.550225        0.473243      0.401869        0.598131              0.8  audacity
2         H3   0.447985  0.716642        0.551326      0.382686        0.617314              0.8  audacity
3         H3   0.423695  0.632684        0.507517      0.402853        0.597147              0.8  audacity
4         H3   0.231795  0.338831        0.275274      0.585342        0.414658              0.8  audacity
Mean vals:  Precision          0.390798
Recall             0.538231
Fmeasure_score     0.448150
hamming_loss       0.425922
Accuracy_Score     0.574078
Train/Test_Size    0.800000
dtype: float64
Model saved
