Run:  10 {'loss': 0.6084104254841805, 'accuracy': 0.0, 'f1': 0.5252473950386047, 'Hammingloss': 0.30357142857142855, 'prec_rec_fmeas_support': (0.6634146341463415, 0.43617703656189866, 0.5263157894736842, None), 'confmatrix': array([[[200,   0],
        [ 52,   0]],

       [[  0, 155],
        [  0,  97]],

       [[158,   4],
        [ 86,   4]],

       [[233,   0],
        [ 19,   0]],

       [[130,   1],
        [120,   1]],

       [[109,   0],
        [143,   0]],

       [[ 40,  60],
        [ 67,  85]],

       [[ 97,  44],
        [ 80,  31]],

       [[225,   0],
        [ 27,   0]],

       [[107,  22],
        [109,  14]],

       [[  0,  27],
        [  0, 225]],

       [[  0,  29],
        [  0, 223]],

       [[154,   0],
        [ 98,   0]],

       [[223,   1],
        [ 28,   0]],

       [[229,   2],
        [ 21,   0]],

       [[223,   0],
        [ 29,   0]]]), 'f1bylabel': array([0.        , 0.55587393, 0.08163265, 0.        , 0.01626016,
       0.        , 0.57239057, 0.33333333, 0.        , 0.17610063,
       0.94339623, 0.93894737, 0.        , 0.        , 0.        ,
       0.        ]), 'accuracybylabel': {'APM': 0.7936507936507936, 'Network': 0.38492063492063494, 'DB': 0.6428571428571429, 'Error.Handling': 0.9246031746031746, 'Logging': 0.5198412698412699, 'Lang': 0.43253968253968256, 'Data.Structure': 0.49603174603174605, 'DevOps': 0.5079365079365079, 'i18n': 0.8928571428571429, 'Setup': 0.4801587301587302, 'Microservices': 0.8928571428571429, 'UI': 0.8849206349206349, 'Parser': 0.6111111111111112, 'Security': 0.8849206349206349, 'Big.Data': 0.9087301587301587, 'Event.Handling': 0.8849206349206349}}
  Hypothesis  Precision    Recall  Fmeasure_score  hamming_loss  Accuracy_Score  Train/Test_Size Project
0         H3   0.689624  0.494548        0.576018      0.281498        0.718502              0.8    rmca
1         H3   0.583962  0.546504        0.564612      0.325893        0.674107              0.8    rmca
2         H3   0.601852  0.542014        0.570368      0.315724        0.684276              0.8    rmca
3         H3   0.684252  0.557409        0.614351      0.270585        0.729415              0.8    rmca
4         H3   0.688425  0.507377        0.584195      0.279266        0.720734              0.8    rmca
Mean vals:  Precision          0.638687
Recall             0.544901
Fmeasure_score     0.585358
hamming_loss       0.297297
Accuracy_Score     0.702703
Train/Test_Size    0.800000
dtype: float64
Model saved
