Run:  10 {'loss': 0.5009928663571676, 'accuracy': 0.0, 'f1': 0.6867514252662659, 'Hammingloss': 0.20051731893837157, 'prec_rec_fmeas_support': (0.7538051750380518, 0.6355470003208213, 0.6896431679721498, None), 'confmatrix': array([[[  0,  23],
        [  0, 445]],

       [[461,   0],
        [  7,   0]],

       [[441,   0],
        [ 27,   0]],

       [[228,   4],
        [234,   2]],

       [[413,   0],
        [ 55,   0]],

       [[121, 164],
        [ 65, 118]],

       [[  0, 167],
        [  0, 301]],

       [[416,   0],
        [ 52,   0]],

       [[397,   0],
        [ 71,   0]],

       [[420,   0],
        [ 48,   0]],

       [[  0,  27],
        [  0, 441]],

       [[341,   0],
        [127,   0]],

       [[279,   0],
        [189,   0]],

       [[409,   0],
        [ 59,   0]],

       [[  0, 123],
        [  0, 345]],

       [[  0, 139],
        [  0, 329]],

       [[420,   0],
        [ 48,   0]],

       [[430,   0],
        [ 38,   0]],

       [[352,   0],
        [116,   0]]]), 'f1bylabel': array([0.97480832, 0.        , 0.        , 0.01652893, 0.        ,
       0.50752688, 0.78283485, 0.        , 0.        , 0.        ,
       0.97029703, 0.        , 0.        , 0.        , 0.84870849,
       0.82559598, 0.        , 0.        , 0.        ]), 'accuracybylabel': {'Util': 0.9508547008547008, 'NLP': 0.9850427350427351, 'APM': 0.9423076923076923, 'Network': 0.49145299145299143, 'DB': 0.8824786324786325, 'Interpreter': 0.5106837606837606, 'Logging': 0.6431623931623932, 'DataStructure': 0.8888888888888888, 'i18n': 0.8482905982905983, 'DevOps': 0.8974358974358975, 'Logic': 0.9423076923076923, 'Microservices': 0.7286324786324786, 'Test': 0.5961538461538461, 'Search': 0.8739316239316239, 'IO': 0.7371794871794872, 'UI': 0.7029914529914529, 'Parser': 0.8974358974358975, 'Security': 0.9188034188034188, 'App': 0.7521367521367521}}
  Hypothesis  Precision    Recall  Fmeasure_score  hamming_loss  Accuracy_Score  Train/Test_Size   Project
0         H3   0.794544  0.598011        0.682409      0.195119        0.804881              0.6  jabRef_2
1         H3   0.795979  0.597048        0.682310      0.194894        0.805106              0.6  jabRef_2
2         H3   0.795299  0.597048        0.682060      0.195119        0.804881              0.6  jabRef_2
3         H3   0.794959  0.597048        0.681935      0.195232        0.804768              0.6  jabRef_2
4         H3   0.794597  0.594482        0.680125      0.196019        0.803981              0.6  jabRef_2
Mean vals:  Precision          0.781000
Recall             0.616586
Fmeasure_score     0.688169
hamming_loss       0.195569
Accuracy_Score     0.804431
Train/Test_Size    0.600000
dtype: float64
Model saved
