Run:  3 {'loss': 0.47566650401462207, 'accuracy': 0.0, 'f1': 0.7094109058380127, 'Hammingloss': 0.17978707452391662, 'prec_rec_fmeas_support': (0.7956403269754768, 0.6392294220665499, 0.7089099295945618, None), 'confmatrix': array([[[  0,  15],
        [  0, 336]],

       [[348,   0],
        [  3,   0]],

       [[340,   0],
        [ 11,   0]],

       [[148,  35],
        [123,  45]],

       [[314,   0],
        [ 37,   0]],

       [[207,   0],
        [144,   0]],

       [[  0, 114],
        [  0, 237]],

       [[315,   0],
        [ 36,   0]],

       [[301,   0],
        [ 50,   0]],

       [[316,   0],
        [ 35,   0]],

       [[  0,  16],
        [  0, 335]],

       [[258,   0],
        [ 93,   0]],

       [[231,   0],
        [120,   0]],

       [[310,   0],
        [ 41,   0]],

       [[  0,  97],
        [  0, 254]],

       [[  0,  98],
        [  0, 253]],

       [[322,   0],
        [ 29,   0]],

       [[322,   0],
        [ 29,   0]],

       [[278,   0],
        [ 73,   0]]]), 'f1bylabel': array([0.97816594, 0.        , 0.        , 0.36290323, 0.        ,
       0.        , 0.80612245, 0.        , 0.        , 0.        ,
       0.97667638, 0.        , 0.        , 0.        , 0.83966942,
       0.83774834, 0.        , 0.        , 0.        ]), 'accuracybylabel': {'Util': 0.9572649572649573, 'NLP': 0.9914529914529915, 'APM': 0.9686609686609686, 'Network': 0.5498575498575499, 'DB': 0.8945868945868946, 'Interpreter': 0.5897435897435898, 'Logging': 0.6752136752136753, 'DataStructure': 0.8974358974358975, 'i18n': 0.8575498575498576, 'DevOps': 0.9002849002849003, 'Logic': 0.9544159544159544, 'Microservices': 0.7350427350427351, 'Test': 0.6581196581196581, 'Search': 0.8831908831908832, 'IO': 0.7236467236467237, 'UI': 0.7207977207977208, 'Parser': 0.9173789173789174, 'Security': 0.9173789173789174, 'App': 0.792022792022792}}
  Hypothesis  Precision    Recall  Fmeasure_score  hamming_loss  Accuracy_Score  Train/Test_Size   Project
0         H3   0.769192  0.671191        0.716858      0.181586        0.818414              0.7  jabRef_2
1         H3   0.803622  0.621716        0.701061      0.181586        0.818414              0.7  jabRef_2
2         H3   0.795640  0.639229        0.708910      0.179787        0.820213              0.7  jabRef_2
Mean vals:  Precision          0.789485
Recall             0.644046
Fmeasure_score     0.708943
hamming_loss       0.180987
Accuracy_Score     0.819013
Train/Test_Size    0.700000
dtype: float64
Model saved
