Run:  10 {'loss': 0.480880317362872, 'accuracy': 0.0, 'f1': 0.6876298189163208, 'Hammingloss': 0.19328235117708803, 'prec_rec_fmeas_support': (0.7897435897435897, 0.601040763226366, 0.6825904949519822, None), 'confmatrix': array([[[  0,  13],
        [  0, 338]],

       [[345,   0],
        [  6,   0]],

       [[332,   0],
        [ 19,   0]],

       [[180,   0],
        [171,   0]],

       [[312,   0],
        [ 39,   0]],

       [[214,   0],
        [137,   0]],

       [[  0, 131],
        [  0, 220]],

       [[317,   0],
        [ 34,   0]],

       [[296,   0],
        [ 55,   0]],

       [[313,   0],
        [ 38,   0]],

       [[  0,  21],
        [  0, 330]],

       [[255,   0],
        [ 96,   0]],

       [[210,   0],
        [141,   0]],

       [[310,   0],
        [ 41,   0]],

       [[  0,  96],
        [  0, 255]],

       [[  0, 108],
        [  0, 243]],

       [[318,   0],
        [ 33,   0]],

       [[327,   0],
        [ 24,   0]],

       [[265,   0],
        [ 86,   0]]]), 'f1bylabel': array([0.98113208, 0.        , 0.        , 0.        , 0.        ,
       0.        , 0.77057793, 0.        , 0.        , 0.        ,
       0.969163  , 0.        , 0.        , 0.        , 0.84158416,
       0.81818182, 0.        , 0.        , 0.        ]), 'accuracybylabel': {'Util': 0.9629629629629629, 'NLP': 0.9829059829059829, 'APM': 0.9458689458689459, 'Network': 0.5128205128205128, 'DB': 0.8888888888888888, 'Interpreter': 0.6096866096866097, 'Logging': 0.6267806267806267, 'DataStructure': 0.9031339031339032, 'i18n': 0.8433048433048433, 'DevOps': 0.8917378917378918, 'Logic': 0.9401709401709402, 'Microservices': 0.7264957264957265, 'Test': 0.5982905982905983, 'Search': 0.8831908831908832, 'IO': 0.7264957264957265, 'UI': 0.6923076923076923, 'Parser': 0.905982905982906, 'Security': 0.9316239316239316, 'App': 0.7549857549857549}}
  Hypothesis  Precision    Recall  Fmeasure_score  hamming_loss  Accuracy_Score  Train/Test_Size   Project
0         H3   0.789863  0.601474        0.682915      0.193132        0.806868              0.7  jabRef_2
1         H3   0.789294  0.601041        0.682422      0.193432        0.806568              0.7  jabRef_2
2         H3   0.784468  0.604510        0.682831      0.194182        0.805818              0.7  jabRef_2
3         H3   0.778913  0.627927        0.695318      0.190283        0.809717              0.7  jabRef_2
4         H3   0.789744  0.601041        0.682590      0.193282        0.806718              0.7  jabRef_2
Mean vals:  Precision          0.787852
Recall             0.604683
Fmeasure_score     0.684172
hamming_loss       0.193012
Accuracy_Score     0.806988
Train/Test_Size    0.700000
dtype: float64
Model saved
